words,count
massage,23
tip,6
